107
296
681
143
686
995
383
907
41
284
596
275
817
358
255
801
749
663
108
805
713
815
9
768
591
711
845
764
698
183
905
870
144
431
823
705
742
5
694
961
279
251
475
766
881
372
329
954
32
912
52
788
152
461
702
804
928
502
386
961
198
465
44
149
704
269
419
948
666
803
438
144
346
478
130
134
190
186
192
939
144
366
204
49
683
58
476
946
36
784
765
994
219
948
958
469
254
450
146
626
51
142
496
279
686
153
928
136
192
149
754
204
830
809
999
996
38
689
34
818
966
418
490
101
134
942
932
186
293
734
773
91
144
681
388
275
827
198
177
141
938
122
44
174
251
342
709
484
170
870
858
814
827
350
5
473
380
413
188
268
674
819
530
1
655
394
241
277
1023
66
660
502
966
1017
649
398
976
60
150
772
159
302
692
929
680
1011
716
80
232
286
222
346
902
1007
671
157
320
477
678
717
422
75
273
405
201
975
957
224
164
53
768
129
915
194
128
236
33
59
934
18
561
947
151
361
430
418
868
659
662
917
860
106
348
811
479
908
292
437
184
512
439
145
734
177
57
1012
112
752
421
135
472
287
954
24
329
389
104
392
648
447
492
1000
485
387
951
882
682
198
468
708
239
781
532
493
137
723
1008
589
957
397
364
434
337
155
982
190
438
701
187
55
185
432
981
45
516
379
507
817
974
295
912
430
917
21
280
359
928
457
53
509
623
224
505
955
439
364
54
734
1023
953
385
621
105
89
183
240
327
946
344
933
142
774
944
689
1018
913
228
297
21
657
217
163
454
131
136
29
699
119
612
809
954
162
826
401
469
685
914
938
463
49
770
296
570
213
140
209
405
684
233
458
631
358
498
370
137
459
78
78
78
540
299
735
516
687
451
1008
82
181
628
855
997
503
949
411
201
409
928
257
982
596
699
449
76
167
188
917
85
340
10
40
802
27
703
180
852
531
226
933
274
181
1007
956
672
39
12
247
505
321
145
951
26
822
767
701
463
56
213
446
741
764
461
992
440
632
365
1
17
284
426
474
868
74
551
159
733
707
226
683
297
568
454
19
829
837
50
620
462
426
710
137
155
349
254
84
532
276
556
391
878
511
195
547
722
336
986
116
560
318
139
318
578
806
896
25
597
580
717
886
562
414
978
546
966
902
647
738
287
648
715
201
254
671
689
757
510
808
603
846
349
524
825
706
238
960
206
185
37
228
320
341
796
889
935
982
301
129
319
573
838
820
654
811
889
85
588
381
114
1010
1014
879
422
58
821
256
564
986
821
466
230
225
784
489
685
970
469
841
825
789
347
893
309
780
755
876
120
902
802
632
4
651
900
914
767
1015
872
83
578
1014
575
570
873
464
884
281
652
876
193
945
930
730
305
40
288
435
856
487
818
918
453
1008
326
65
835
100
290
48
599
86
999
448
385
688
235
477
471
744
91
348
658
736
202
133
236
7
314
168
402
480
988
639
226
357
232
57
314
432
280
564
793
14
875
1021
978
398
95
245
738
888
108
402
836
310
758
193
801
808
341
296
494
494
724
312
297
796
1002
831
14
933
498
126
497
293
425
13
975
453
134
908
286
337
390
244
32
453
432
46
85
199
36
421
702
164
230
470
333
61
308
666
746
608
654
423
968
181
13
145
797
345
762
394
684
982
828
772
1012
152
816
574
294
118
912
82
450
6
885
250
808
988
81
617
81
218
931
395
350
592
424
466
491
892
528
435
445
799
64
805
702
468
338
432
945
342
393
856
947
991
1002
814
860
815
684
844
494
508
47
465
42
417
99
798
136
29
217
237
1011
57
548
388
88
283
100
378
422
37
141
1010
798
616
298
185
587
720
392
281
15
63
130
852
534
763
546
321
562
745
772
822
579
887
722
131
793
834
395
894
989
848
814
207
411
424
964
864
256
776
462
917
788
317
972
276
870
762
836
582
311
545
542
441
787
515
545
534
888
930
690
792
452
151
886
1014
873
474
507
979
792
879
83
418
748
397
411
825
266
916
125
1010
953
118
916
182
459
535
674
795
262
956
52
240
37
332
406
325
937
273
351
423
465
345
1001
919
322
918
140
639
394
590
353
853
739
456
510
790
872
799
82
525
994
149
387
180
996
818
410
997
305
826
1022
1001
889
812
664
655
805
289
299
197
94
661
544
440
856
1008
833
579
138
504
790
673
687
376
489
166
84
118
563
44
96
64
755
262
490
991
192
777
15
232
844
847
437
187
448
425
506
578
817
169
401
713
12
231
798
974
932
7
80
457
964
778
484
800
858
434
676
139
696
570
452
422
388
478
207
193
869
96
598
376
842
870
871
714
323
871
796
929
690
595
664
23
433
939
753
364
620
861
320
829
369
817
771
261
555
276
640
258
397
796
603
74
409
984
693
0
904
652
741
216
872
872
485
897
322
698
918
972
440
380
536
665
697
550
403
442
824
648
748
439
460
212
451
153
200
266
510
56
942
200
501
1006
404
126
565
321
708
459
34
7
82
86
259
239
901
797
454
843
775
700
898
899
63
828
702
878
629
884
972
857
700
749
45
688
97
105
1018
725
276
710
548
1016
835
386
1013
161
732
781
488
800
682
151
1001
290
1022
623
862
997
997
399
998
714
95
776
547
528
1000
885
415
651
711
804
46
122
263
143
142
165
833
107
846
864
497
407
152
920
407
102
518
959
194
499
739
673
0
654
332
830
653
129
718
903
202
810
696
286
582
340
864
353
168
971
448
264
94
461
729
502
988
474
862
120
343
845
300
346
882
117
331
873
915
215
660
294
833
414
832
303
881
558
323
721
745
669
210
825
710
102
531
820
855
929
861
629
334
895
828
70
495
854
594
221
264
744
521
211
854
810
986
14
610
88
93
253
500
598
750
426
1002
265
369
642
873
1005
3
1004
449
296
25
9
837
43
847
527
116
640
460
1019
695
842
84
865
877
572
600
408
260
561
908
700
488
788
1012
506
233
416
234
1012
782
606
496
249
70
389
508
314
115
866
955
470
963
890
721
308
61
464
728
780
832
839
891
814
559
259
843
774
72
4
562
834
767
236
287
377
924
343
344
24
141
116
156
955
56
406
584
876
791
1020
751
806
503
769
837
88
407
909
717
842
660
345
745
181
1003
34
220
936
326
286
53
384
803
530
756
589
290
229
35
770
147
223
285
947
831
69
481
399
753
78
500
720
783
416
604
514
782
502
164
472
838
120
341
307
794
637
428
886
76
813
711
62
145
763
682
482
565
139
738
603
209
294
414
869
1007
819
326
41
644
764
942
127
230
92
867
272
359
337
795
1015
367
934
995
274
277
362
2
13
93
656
984
29
786
428
137
210
376
977
657
40
170
899
709
186
543
551
339
672
891
764
772
835
978
47
133
367
362
645
950
379
520
261
971
707
976
1006
587
513
74
809
728
614
849
727
310
1009
291
147
768
483
826
671
168
191
60
79
60
119
69
196
544
396
537
635
146
299
390
901
436
248
444
588
467
923
650
140
266
740
977
390
919
408
442
404
389
113
378
5
426
800
538
147
841
958
992
725
169
501
433
465
656
385
524
324
31
670
344
1016
291
795
900
724
237
176
234
757
219
820
690
769
987
297
466
67
160
653
436
486
38
436
442
215
1014
911
405
430
179
412
423
302
93
36
394
340
832
336
855
129
346
960
960
911
980
824
789
786
518
534
887
428
416
214
749
553
557
390
886
424
723
787
438
216
508
166
424
197
316
123
217
170
272
989
741
464
670
324
313
244
165
517
529
412
393
309
656
677
214
476
634
92
504
368
460
333
998
540
409
1017
877
1005
834
354
174
789
904
911
633
1016
851
338
990
926
541
271
496
361
172
787
937
857
89
669
449
455
91
976
584
879
761
727
101
509
587
330
8
593
950
827
905
50
257
737
779
341
219
27
692
353
300
590
497
762
261
348
945
80
880
70
54
384
482
327
162
481
481
79
464
986
586
820
165
433
57
451
483
184
58
447
680
715
659
845
990
933
457
871
1019
558
747
409
182
482
13
179
794
467
976
84
475
791
206
298
427
609
777
673
443
866
253
647
824
414
354
906
909
908
909
898
71
190
173
378
92
9
798
553
993
1022
383
759
387
292
18
2
505
699
132
799
863
98
343
446
99
143
85
97
79
688
943
213
386
421
447
499
36
743
223
24
963
6
179
479
163
160
255
357
110
714
244
932
365
120
831
105
123
943
919
158
225
169
586
667
121
257
726
492
595
991
396
90
481
58
255
966
124
805
607
256
970
838
874
94
285
914
850
694
102
941
103
31
865
443
1015
615
292
126
243
783
15
754
956
921
370
922
220
226
214
413
581
88
17
949
759
445
354
333
613
568
437
22
974
605
331
646
597
616
450
846
538
372
427
887
38
175
743
266
912
535
111
8
533
859
920
823
624
930
234
649
735
628
944
811
810
352
582
924
597
649
95
673
487
501
11
850
1000
716
118
210
809
49
94
957
431
686
114
756
950
613
222
517
506
410
218
382
621
288
404
600
952
638
785
51
108
533
574
962
586
98
162
529
789
737
614
498
101
907
778
728
529
712
482
552
474
878
117
643
807
382
569
272
567
515
801
249
3
51
661
898
1022
605
974
248
830
812
563
865
776
500
30
786
81
895
103
733
709
792
470
635
558
944
113
593
625
311
534
27
952
578
127
779
944
987
89
593
367
620
532
544
242
849
636
14
523
964
953
522
402
490
242
504
123
111
651
1001
293
715
115
597
528
195
16
124
602
365
945
148
26
946
869
866
0
900
480
180
536
738
269
277
101
19
1006
765
807
561
335
973
67
330
891
335
178
676
663
975
684
569
616
807
843
719
657
285
141
882
560
224
949
332
135
846
242
267
756
556
109
513
983
609
862
298
585
308
98
730
822
784
211
368
638
128
218
87
602
373
455
76
608
122
766
585
779
16
152
888
197
593
604
802
868
677
824
342
316
646
306
251
774
48
907
292
608
391
664
203
429
633
401
274
468
166
336
729
660
420
553
720
752
719
588
680
189
205
220
573
278
267
760
318
971
973
575
218
328
298
171
90
753
768
604
347
849
790
250
225
692
515
860
246
77
239
665
892
549
570
994
1013
318
283
902
617
937
760
154
43
577
642
602
361
69
754
562
722
946
519
747
545
83
574
832
853
694
821
690
202
227
189
642
678
980
522
645
8
938
328
549
926
114
334
592
107
681
577
62
979
174
833
238
489
927
617
336
224
780
472
263
173
254
913
80
962
495
954
245
113
898
477
969
249
969
471
362
259
609
73
848
497
610
420
61
577
821
885
576
28
565
524
282
672
302
586
775
596
792
227
709
161
648
417
229
1019
59
622
541
128
111
315
634
281
679
998
629
410
851
665
231
516
378
713
521
854
186
248
514
704
417
588
178
691
625
8
778
605
943
766
231
154
968
781
706
472
289
610
970
54
278
441
220
284
967
658
984
880
816
630
65
511
246
613
352
668
567
66
540
35
518
838
585
650
11
468
707
719
662
491
967
816
1017
478
360
106
530
630
561
216
76
103
42
539
245
375
112
165
627
63
1004
929
615
785
560
936
216
97
70
354
232
771
171
1
746
970
538
445
1
21
636
280
31
148
322
364
851
791
554
584
244
252
124
362
582
391
415
532
839
1013
115
889
793
528
420
585
592
302
661
178
196
150
268
897
678
172
28
188
350
629
568
425
748
759
517
1018
398
282
323
601
117
882
622
581
112
527
692
842
503
963
48
452
418
324
533
668
185
3
46
360
616
386
839
110
90
233
813
836
632
774
852
313
440
68
614
134
746
961
794
388
841
893
225
180
26
493
940
453
356
273
686
360
92
920
931
128
716
408
155
184
529
74
755
622
309
998
270
850
9
67
289
706
932
654
860
679
172
478
1006
18
818
444
722
566
740
456
571
916
667
630
142
335
392
154
885
985
666
757
627
158
393
913
771
501
606
258
68
712
546
176
65
150
539
508
844
685
894
334
22
188
282
981
473
392
877
175
519
205
726
150
329
52
782
50
890
16
725
793
607
430
353
659
720
372
161
701
1000
170
1005
1021
268
567
633
613
352
537
248
619
952
290
876
565
883
87
828
34
980
275
42
520
32
649
173
110
206
300
182
322
213
770
693
844
965
483
304
934
940
965
627
641
884
71
553
552
642
941
240
599
1020
204
590
572
786
950
677
704
113
192
600
156
344
632
859
269
848
241
241
834
892
781
990
581
829
580
995
5
349
348
979
202
641
26
539
880
729
840
193
903
744
803
996
269
527
731
45
940
437
905
125
121
874
676
399
583
576
446
741
22
272
89
211
102
379
160
618
962
384
802
521
81
1010
127
306
745
922
271
853
936
925
770
338
238
636
357
260
936
209
735
732
98
86
223
992
694
808
812
697
980
592
742
956
782
674
564
566
935
790
698
380
985
494
867
509
406
920
760
985
507
521
363
126
339
105
163
962
182
172
666
400
506
479
167
263
273
512
100
668
262
646
732
304
208
906
526
930
550
724
909
978
658
376
931
167
347
253
140
245
596
25
601
620
17
604
958
412
306
804
243
612
606
110
222
721
470
927
906
903
499
840
458
866
309
351
968
746
710
706
294
187
315
25
222
937
732
896
645
640
174
402
17
512
325
863
708
199
410
249
681
664
230
773
41
233
925
130
359
491
858
337
10
918
564
537
87
38
724
801
315
265
207
421
740
951
288
1021
72
705
815
473
277
813
156
788
33
431
305
617
106
1004
742
373
1020
374
265
419
708
1003
641
628
138
47
718
910
718
750
993
156
611
206
773
6
72
476
73
716
221
375
73
731
400
212
806
1013
490
122
265
1009
371
373
1009
252
510
542
56
543
212
543
75
41
523
374
374
30
633
552
769
637
375
203
993
622
612
625
257
417
540
73
591
665
199
6
377
338
288
915
131
356
555
691
535
303
643
541
448
878
705
758
327
551
756
977
967
198
212
405
733
712
618
574
201
647
317
736
106
133
467
517
525
949
572
1020
104
229
895
752
569
619
519
849
148
442
590
352
361
762
427
396
672
159
558
485
184
77
987
108
33
513
282
436
661
205
363
168
751
32
972
2
556
678
897
136
312
133
252
652
30
737
744
278
602
319
434
611
785
12
758
270
721
460
923
840
360
650
86
601
594
228
953
581
355
307
135
924
310
261
969
854
969
958
368
752
697
307
761
695
643
301
819
260
403
964
679
454
696
197
599
250
981
62
279
896
785
121
55
381
624
68
893
921
894
415
537
97
350
615
693
983
910
371
99
697
401
608
383
355
583
952
176
313
381
538
993
324
573
611
96
16
311
514
914
999
125
11
441
480
533
304
194
258
653
329
443
444
59
371
271
559
698
369
530
674
557
554
731
330
314
583
899
330
66
250
380
897
826
130
104
64
656
847
638
328
959
2
235
215
566
751
965
575
450
676
339
675
148
264
550
194
576
356
977
435
328
369
881
480
913
138
948
662
164
358
713
677
471
455
310
554
864
695
598
43
55
71
209
589
569
393
104
653
196
618
1011
449
475
456
40
304
412
594
358
607
726
441
112
631
514
452
875
712
284
761
208
384
178
258
356
492
203
874
400
896
488
536
859
66
576
355
20
703
580
631
650
662
237
37
691
252
926
190
505
366
406
382
890
119
50
881
325
221
546
727
948
601
614
669
904
626
520
571
65
516
637
579
157
366
68
925
736
639
189
428
526
404
53
176
320
549
921
904
526
965
20
446
473
397
858
658
766
28
109
968
363
577
191
195
696
522
23
10
806
743
462
196
841
234
769
680
726
905
132
566
425
804
638
295
765
64
69
797
177
345
740
960
42
132
241
153
536
938
621
730
757
990
500
670
317
739
857
109
306
395
305
823
840
312
260
883
75
166
921
924
175
146
1004
606
555
836
758
247
377
748
469
595
725
520
60
1017
773
525
634
591
72
812
747
513
357
4
981
124
374
753
624
626
373
626
420
377
270
816
370
372
370
942
861
663
624
630
531
312
149
158
39
524
550
557
705
728
923
783
941
910
547
848
208
493
325
158
852
229
416
274
458
874
396
458
922
641
867
281
117
366
875
270
625
18
927
730
655
90
153
400
609
598
313
973
334
901
750
293
910
636
644
434
200
238
247
563
784
1002
240
693
236
901
385
340
906
1009
754
775
398
484
262
200
857
865
996
863
267
116
486
283
689
419
486
24
332
35
496
884
644
183
488
940
652
640
19
750
157
511
634
498
23
723
559
408
560
146
512
28
242
484
319
618
619
718
368
495
246
737
571
777
161
518
675
612
645
994
687
49
548
670
492
1023
301
880
456
44
853
214
922
160
644
589
667
926
289
635
10
0
522
177
227
316
54
668
169
610
623
303
700
62
646
77
228
33
295
742
734
688
900
628
580
763
321
77
351
466
794
810
992
20
46
778
39
235
487
331
542
171
984
594
154
246
433
985
463
760
549
935
890
114
714
30
682
761
403
429
776
584
988
12
191
830
208
342
20
703
444
683
326
572
780
389
217
278
457
548
736
210
268
280
52
162
600
243
489
523
462
382
413
883
429
916
545
983
856
729
1018
204
959
837
476
862
526
868
894
704
132
657
822
568
100
48
308
138
552
869
525
291
800
939
777
1016
888
4
256
264
556
22
504
892
961
486
850
438
316
121
96
542
300
544
675
934
1003
21
485
554
989
